0	3.90E-06
0.1001001	4.02E-06
0.2002002	4.14E-06
0.3003003	4.26E-06
0.4004004	4.38E-06
0.5005005	4.51E-06
0.6006006	4.65E-06
0.7007007	4.79E-06
0.8008008	4.93E-06
0.9009009	5.07E-06
1.001001	5.22E-06
1.1011011	5.38E-06
1.2012012	5.54E-06
1.3013013	5.70E-06
1.4014014	5.87E-06
1.5015015	6.04E-06
1.6016016	6.22E-06
1.7017017	6.40E-06
1.8018018	6.59E-06
1.9019019	6.78E-06
2.002002	6.98E-06
2.1021021	7.19E-06
2.2022022	7.40E-06
2.3023023	7.62E-06
2.4024024	7.84E-06
2.5025025	8.07E-06
2.6026026	8.30E-06
2.7027027	8.55E-06
2.8028028	8.80E-06
2.9029029	9.06E-06
3.003003	9.32E-06
3.1031031	9.59E-06
3.2032032	9.87E-06
3.3033033	1.02E-05
3.4034034	1.05E-05
3.5035035	1.08E-05
3.6036036	1.11E-05
3.7037037	1.14E-05
3.8038038	1.17E-05
3.9039039	1.21E-05
4.004004	1.24E-05
4.1041041	1.28E-05
4.2042042	1.32E-05
4.3043043	1.35E-05
4.4044044	1.39E-05
4.5045045	1.43E-05
4.6046046	1.48E-05
4.7047047	1.52E-05
4.8048048	1.56E-05
4.9049049	1.61E-05
5.00500501	1.65E-05
5.10510511	1.70E-05
5.20520521	1.75E-05
5.30530531	1.80E-05
5.40540541	1.85E-05
5.50550551	1.91E-05
5.60560561	1.96E-05
5.70570571	2.02E-05
5.80580581	2.08E-05
5.90590591	2.13E-05
6.00600601	2.20E-05
6.10610611	2.26E-05
6.20620621	2.32E-05
6.30630631	2.39E-05
6.40640641	2.46E-05
6.50650651	2.53E-05
6.60660661	2.60E-05
6.70670671	2.68E-05
6.80680681	2.75E-05
6.90690691	2.83E-05
7.00700701	2.91E-05
7.10710711	3.00E-05
7.20720721	3.08E-05
7.30730731	3.17E-05
7.40740741	3.26E-05
7.50750751	3.35E-05
7.60760761	3.45E-05
7.70770771	3.55E-05
7.80780781	3.65E-05
7.90790791	3.75E-05
8.00800801	3.86E-05
8.10810811	3.97E-05
8.20820821	4.08E-05
8.30830831	4.19E-05
8.40840841	4.31E-05
8.50850851	4.43E-05
8.60860861	4.56E-05
8.70870871	4.69E-05
8.80880881	4.82E-05
8.90890891	4.96E-05
9.00900901	5.10E-05
9.10910911	5.24E-05
9.20920921	5.39E-05
9.30930931	5.54E-05
9.40940941	5.70E-05
9.50950951	5.86E-05
9.60960961	6.02E-05
9.70970971	6.19E-05
9.80980981	6.36E-05
9.90990991	6.54E-05
10.01001001	6.72E-05
10.11011011	6.91E-05
10.21021021	7.11E-05
10.31031031	7.30E-05
10.41041041	7.51E-05
10.51051051	7.72E-05
10.61061061	7.93E-05
10.71071071	8.15E-05
10.81081081	8.38E-05
10.91091091	8.62E-05
11.01101101	8.85E-05
11.11111111	9.10E-05
11.21121121	9.35E-05
11.31131131	9.61E-05
11.41141141	9.88E-05
11.51151151	0.00010154
11.61161161	0.00010435
11.71171171	0.00010724
11.81181181	0.00011021
11.91191191	0.00011325
12.01201201	0.00011638
12.11211211	0.00011959
12.21221221	0.00012289
12.31231231	0.00012628
12.41241241	0.00012976
12.51251251	0.00013333
12.61261261	0.000137
12.71271271	0.00014076
12.81281281	0.00014463
12.91291291	0.0001486
13.01301301	0.00015267
13.11311311	0.00015686
13.21321321	0.00016115
13.31331331	0.00016556
13.41341341	0.00017009
13.51351351	0.00017473
13.61361361	0.0001795
13.71371371	0.0001844
13.81381381	0.00018943
13.91391391	0.00019458
14.01401401	0.00019988
14.11411411	0.00020532
14.21421421	0.00021089
14.31431431	0.00021662
14.41441441	0.0002225
14.51451451	0.00022853
14.61461461	0.00023472
14.71471471	0.00024107
14.81481481	0.00024759
14.91491491	0.00025428
15.01501502	0.00026114
15.11511512	0.00026819
15.21521522	0.00027542
15.31531532	0.00028284
15.41541542	0.00029045
15.51551552	0.00029826
15.61561562	0.00030627
15.71571572	0.00031449
15.81581582	0.00032293
15.91591592	0.00033158
16.01601602	0.00034046
16.11611612	0.00034957
16.21621622	0.00035891
16.31631632	0.0003685
16.41641642	0.00037833
16.51651652	0.00038842
16.61661662	0.00039877
16.71671672	0.00040938
16.81681682	0.00042027
16.91691692	0.00043143
17.01701702	0.00044288
17.11711712	0.00045463
17.21721722	0.00046668
17.31731732	0.00047903
17.41741742	0.00049171
17.51751752	0.0005047
17.61761762	0.00051803
17.71771772	0.00053169
17.81781782	0.00054571
17.91791792	0.00056008
18.01801802	0.00057481
18.11811812	0.00058992
18.21821822	0.00060541
18.31831832	0.0006213
18.41841842	0.00063758
18.51851852	0.00065428
18.61861862	0.00067139
18.71871872	0.00068894
18.81881882	0.00070693
18.91891892	0.00072537
19.01901902	0.00074428
19.11911912	0.00076366
19.21921922	0.00078352
19.31931932	0.00080388
19.41941942	0.00082475
19.51951952	0.00084614
19.61961962	0.00086806
19.71971972	0.00089053
19.81981982	0.00091356
19.91991992	0.00093716
20.02002002	0.00096134
20.12012012	0.00098612
20.22022022	0.00101152
20.32032032	0.00103754
20.42042042	0.00106421
20.52052052	0.00109153
20.62062062	0.00111952
20.72072072	0.00114821
20.82082082	0.00117759
20.92092092	0.0012077
21.02102102	0.00123854
21.12112112	0.00127014
21.22122122	0.00130251
21.32132132	0.00133567
21.42142142	0.00136963
21.52152152	0.00140442
21.62162162	0.00144006
21.72172172	0.00147656
21.82182182	0.00151394
21.92192192	0.00155223
22.02202202	0.00159144
22.12212212	0.00163159
22.22222222	0.00167272
22.32232232	0.00171483
22.42242242	0.00175795
22.52252252	0.0018021
22.62262262	0.00184732
22.72272272	0.00189361
22.82282282	0.00194101
22.92292292	0.00198953
23.02302302	0.00203921
23.12312312	0.00209007
23.22322322	0.00214214
23.32332332	0.00219543
23.42342342	0.00224999
23.52352352	0.00230584
23.62362362	0.002363
23.72372372	0.0024215
23.82382382	0.00248138
23.92392392	0.00254267
24.02402402	0.00260538
24.12412412	0.00266957
24.22422422	0.00273525
24.32432432	0.00280246
24.42442442	0.00287123
24.52452452	0.0029416
24.62462462	0.0030136
24.72472472	0.00308726
24.82482482	0.00316263
24.92492492	0.00323973
25.02502503	0.0033186
25.12512513	0.00339929
25.22522523	0.00348182
25.32532533	0.00356625
25.42542543	0.0036526
25.52552553	0.00374092
25.62562563	0.00383125
25.72572573	0.00392363
25.82582583	0.0040181
25.92592593	0.00411471
26.02602603	0.0042135
26.12612613	0.00431451
26.22622623	0.0044178
26.32632633	0.0045234
26.42642643	0.00463136
26.52652653	0.00474174
26.62662663	0.00485458
26.72672673	0.00496993
26.82682683	0.00508784
26.92692693	0.00520837
27.02702703	0.00533155
27.12712713	0.00545746
27.22722723	0.00558613
27.32732733	0.00571763
27.42742743	0.00585201
27.52752753	0.00598933
27.62762763	0.00612964
27.72772773	0.006273
27.82782783	0.00641948
27.92792793	0.00656912
28.02802803	0.006722
28.12812813	0.00687817
28.22822823	0.00703769
28.32832833	0.00720064
28.42842843	0.00736707
28.52852853	0.00753705
28.62862863	0.00771064
28.72872873	0.00788792
28.82882883	0.00806894
28.92892893	0.00825379
29.02902903	0.00844252
29.12912913	0.00863522
29.22922923	0.00883194
29.32932933	0.00903277
29.42942943	0.00923778
29.52952953	0.00944703
29.62962963	0.00966062
29.72972973	0.00987861
29.82982983	0.01010107
29.92992993	0.0103281
30.03003003	0.01055976
30.13013013	0.01079614
30.23023023	0.01103731
30.33033033	0.01128336
30.43043043	0.01153437
30.53053053	0.01179042
30.63063063	0.0120516
30.73073073	0.01231799
30.83083083	0.01258967
30.93093093	0.01286673
31.03103103	0.01314925
31.13113113	0.01343733
31.23123123	0.01373105
31.33133133	0.0140305
31.43143143	0.01433576
31.53153153	0.01464694
31.63163163	0.0149641
31.73173173	0.01528735
31.83183183	0.01561678
31.93193193	0.01595247
32.03203203	0.01629452
32.13213213	0.01664302
32.23223223	0.01699806
32.33233233	0.01735973
32.43243243	0.01772812
32.53253253	0.01810333
32.63263263	0.01848545
32.73273273	0.01887456
32.83283283	0.01927076
32.93293293	0.01967415
33.03303303	0.02008482
33.13313313	0.02050286
33.23323323	0.02092837
33.33333333	0.02136145
33.43343343	0.0218022
33.53353353	0.02225073
33.63363363	0.02270715
33.73373373	0.02317158
33.83383383	0.02364415
33.93393393	0.02412501
34.03403403	0.02461429
34.13413413	0.02511217
34.23423423	0.02561884
34.33433433	0.02613451
34.43443443	0.0266594
34.53453453	0.02719378
34.63463463	0.02773793
34.73473473	0.02829216
34.83483483	0.02885682
34.93493493	0.0294323
35.03503504	0.03001901
35.13513514	0.03061739
35.23523524	0.03122792
35.33533534	0.03185111
35.43543544	0.03248748
35.53553554	0.0331376
35.63563564	0.03380203
35.73573574	0.03448135
35.83583584	0.03517614
35.93593594	0.03588698
36.03603604	0.03661444
36.13613614	0.03735906
36.23623624	0.03812136
36.33633634	0.03890181
36.43643644	0.03970086
36.53653654	0.04051887
36.63663664	0.04135616
36.73673674	0.04221298
36.83683684	0.04308948
36.93693694	0.04398576
37.03703704	0.04490181
37.13713714	0.04583753
37.23723724	0.04679273
37.33733734	0.04776712
37.43743744	0.04876031
37.53753754	0.0497718
37.63763764	0.05080101
37.73773774	0.05184723
37.83783784	0.05290967
37.93793794	0.05398744
38.03803804	0.05507954
38.13813814	0.05618486
38.23823824	0.05730222
38.33833834	0.05843032
38.43843844	0.05956774
38.53853854	0.06071297
38.63863864	0.06186437
38.73873874	0.06302018
38.83883884	0.06417848
38.93893894	0.06533717
39.03903904	0.06649394
39.13913914	0.06764623
39.23923924	0.06879113
39.33933934	0.06992527
39.43943944	0.07104464
39.53953954	0.07214426
39.63963964	0.07321766
39.73973974	0.07425566
39.83983984	0.07524343
39.93993994	0.07614965
40.04004004	0.07612088
40.14014014	0.0743542
40.24024024	0.07231361
40.34034034	0.07015596
40.44044044	0.06794904
40.54054054	0.06573232
40.64064064	0.0635316
40.74074074	0.06136478
40.84084084	0.05924459
40.94094094	0.05718022
41.04104104	0.05517825
41.14114114	0.0532433
41.24124124	0.0513785
41.34134134	0.04958579
41.44144144	0.04786615
41.54154154	0.04621985
41.64164164	0.04464653
41.74174174	0.04314538
41.84184184	0.04171518
41.94194194	0.04035441
42.04204204	0.03906134
42.14214214	0.03783401
42.24224224	0.03667035
42.34234234	0.0355682
42.44244244	0.03452529
42.54254254	0.03353935
42.64264264	0.03260807
42.74274274	0.03172914
42.84284284	0.03090026
42.94294294	0.03011917
43.04304304	0.02938363
43.14314314	0.02869147
43.24324324	0.02804055
43.34334334	0.02742881
43.44344344	0.02685423
43.54354354	0.02631487
43.64364364	0.02580887
43.74374374	0.02533441
43.84384384	0.02488977
43.94394394	0.02447329
44.04404404	0.02408337
44.14414414	0.0237185
44.24424424	0.02337723
44.34434434	0.02305817
44.44444444	0.02276002
44.54454454	0.02248151
44.64464464	0.02222147
44.74474474	0.02197877
44.84484484	0.02175234
44.94494494	0.02154118
45.04504505	0.02134431
45.14514515	0.02116085
45.24524525	0.02098994
45.34534535	0.02083077
45.44544545	0.0206826
45.54554555	0.02054469
45.64564565	0.02041639
45.74574575	0.02029706
45.84584585	0.0201861
45.94594595	0.02008297
46.04604605	0.01998712
46.14614615	0.01989807
46.24624625	0.01981537
46.34634635	0.01973858
46.44644645	0.01966728
46.54654655	0.01960112
46.64664665	0.01953972
46.74674675	0.01948277
46.84684685	0.01942994
46.94694695	0.01938095
47.04704705	0.01933554
47.14714715	0.01929344
47.24724725	0.01925443
47.34734735	0.01921827
47.44744745	0.01918478
47.54754755	0.01915375
47.64764765	0.01912502
47.74774775	0.01909841
47.84784785	0.01907377
47.94794795	0.01905096
48.04804805	0.01902985
48.14814815	0.0190103
48.24824825	0.01899222
48.34834835	0.01897548
48.44844845	0.01895999
48.54854855	0.01894567
48.64864865	0.01893241
48.74874875	0.01892015
48.84884885	0.01890881
48.94894895	0.01889832
49.04904905	0.01888862
49.14914915	0.01887964
49.24924925	0.01887135
49.34934935	0.01886367
49.44944945	0.01885658
49.54954955	0.01885002
49.64964965	0.01884395
49.74974975	0.01883834
49.84984985	0.01883316
49.94994995	0.01882836
50.05005005	0.01882393
50.15015015	0.01881984
50.25025025	0.01881605
50.35035035	0.01881255
50.45045045	0.01880931
50.55055055	0.01880632
50.65065065	0.01880355
50.75075075	0.018801
50.85085085	0.01879864
50.95095095	0.01879645
51.05105105	0.01879444
51.15115115	0.01879257
51.25125125	0.01879085
51.35135135	0.01878926
51.45145145	0.01878779
51.55155155	0.01878643
51.65165165	0.01878517
51.75175175	0.01878401
51.85185185	0.01878294
51.95195195	0.01878195
52.05205205	0.01878104
52.15215215	0.01878019
52.25225225	0.01877941
52.35235235	0.01877869
52.45245245	0.01877803
52.55255255	0.01877742
52.65265265	0.01877685
52.75275275	0.01877633
52.85285285	0.01877585
52.95295295	0.0187754
53.05305305	0.01877499
53.15315315	0.01877462
53.25325325	0.01877427
53.35335335	0.01877395
53.45345345	0.01877365
53.55355355	0.01877338
53.65365365	0.01877313
53.75375375	0.0187729
53.85385385	0.01877268
53.95395395	0.01877249
54.05405405	0.01877231
54.15415415	0.01877214
54.25425425	0.01877199
54.35435435	0.01877185
54.45445445	0.01877172
54.55455455	0.0187716
54.65465465	0.01877149
54.75475475	0.01877139
54.85485485	0.0187713
54.95495495	0.01877122
55.05505506	0.01877114
55.15515516	0.01877107
55.25525526	0.018771
55.35535536	0.01877094
55.45545546	0.01877089
55.55555556	0.01877084
55.65565566	0.01877079
55.75575576	0.01877075
55.85585586	0.01877071
55.95595596	0.01877068
56.05605606	0.01877064
56.15615616	0.01877062
56.25625626	0.01877059
56.35635636	0.01877056
56.45645646	0.01877054
56.55655656	0.01877052
56.65665666	0.0187705
56.75675676	0.01877048
56.85685686	0.01877047
56.95695696	0.01877045
57.05705706	0.01877044
57.15715716	0.01877043
57.25725726	0.01877042
57.35735736	0.01877041
57.45745746	0.0187704
57.55755756	0.01877039
57.65765766	0.01877038
57.75775776	0.01877038
57.85785786	0.01877037
57.95795796	0.01877036
58.05805806	0.01877036
58.15815816	0.01877035
58.25825826	0.01877035
58.35835836	0.01877034
58.45845846	0.01877034
58.55855856	0.01877034
58.65865866	0.01877033
58.75875876	0.01877033
58.85885886	0.01877033
58.95895896	0.01877033
59.05905906	0.01877032
59.15915916	0.01877032
59.25925926	0.01877032
59.35935936	0.01877032
59.45945946	0.01877032
59.55955956	0.01877032
59.65965966	0.01877032
59.75975976	0.01877031
59.85985986	0.01877031
59.95995996	0.01877031
60.06006006	0.01877031
60.16016016	0.01877031
60.26026026	0.01877031
60.36036036	0.01877031
60.46046046	0.01877031
60.56056056	0.01877031
60.66066066	0.01877031
60.76076076	0.01877031
60.86086086	0.01877031
60.96096096	0.01877031
61.06106106	0.01877031
61.16116116	0.01877031
61.26126126	0.01877031
61.36136136	0.0187703
61.46146146	0.0187703
61.56156156	0.0187703
61.66166166	0.01877029
61.76176176	0.01877029
61.86186186	0.01877027
61.96196196	0.01877025
62.06206206	0.01877021
62.16216216	0.01877016
62.26226226	0.01877007
62.36236236	0.01876994
62.46246246	0.01876976
62.56256256	0.01876949
62.66266266	0.01876911
62.76276276	0.01876858
62.86286286	0.01876785
62.96296296	0.01876684
63.06306306	0.01876547
63.16316316	0.01876364
63.26326326	0.01876121
63.36336336	0.018758
63.46346346	0.01875381
63.56356356	0.01874837
63.66366366	0.01874138
63.76376376	0.01873244
63.86386386	0.01872108
63.96396396	0.01870676
64.06406406	0.0186888
64.16416416	0.01866642
64.26426426	0.01863866
64.36436436	0.01860443
64.46446446	0.01856244
64.56456456	0.0185112
64.66466466	0.01844897
64.76476476	0.01837377
64.86486486	0.01828333
64.96496496	0.01817509
65.06506507	0.01804616
65.16516517	0.01789333
65.26526527	0.01771308
65.36536537	0.01750156
65.46546547	0.01725462
65.56556557	0.01696792
65.66566567	0.01663694
65.76576577	0.01625714
65.86586587	0.0158241
65.96596597	0.01533372
66.06606607	0.01478251
66.16616617	0.01416784
66.26626627	0.01348832
66.36636637	0.01274419
66.46646647	0.0119377
66.56656657	0.01107352
66.66666667	0.01015903
66.76676677	0.00920456
66.86686687	0.00822343
66.96696697	0.00723172
67.06706707	0.00624779
67.16716717	0.00529148
67.26726727	0.00438293
67.36736737	0.00354125
67.46746747	0.00278294
67.56756757	0.00212048
67.66766767	0.00156113
67.76776777	0.00110628
67.86786787	0.00075145
67.96796797	0.00048703
68.06806807	0.00029969
68.16816817	0.00017413
68.26826827	9.50E-05
68.36836837	4.83E-05
68.46846847	2.28E-05
68.56856857	9.85E-06
68.66866867	3.89E-06
68.76876877	1.38E-06
68.86886887	4.40E-07
68.96896897	1.20E-07
69.06906907	3.00E-08
69.16916917	1.00E-08
69.26926927	0
69.36936937	0
69.46946947	0
69.56956957	0
69.66966967	0
69.76976977	0
69.86986987	0
69.96996997	0
70.07007007	0
70.17017017	0
70.27027027	0
70.37037037	0
70.47047047	0
70.57057057	0
70.67067067	0
70.77077077	0
70.87087087	0
70.97097097	0
71.07107107	0
71.17117117	0
71.27127127	0
71.37137137	0
71.47147147	0
71.57157157	0
71.67167167	0
71.77177177	0
71.87187187	0
71.97197197	0
72.07207207	0
72.17217217	0
72.27227227	0
72.37237237	0
72.47247247	0
72.57257257	0
72.67267267	0
72.77277277	0
72.87287287	0
72.97297297	0
73.07307307	0
73.17317317	0
73.27327327	0
73.37337337	0
73.47347347	0
73.57357357	0
73.67367367	0
73.77377377	0
73.87387387	0
73.97397397	0
74.07407407	0
74.17417417	0
74.27427427	0
74.37437437	0
74.47447447	0
74.57457457	0
74.67467467	0
74.77477477	0
74.87487487	0
74.97497497	0
75.07507508	0
75.17517518	0
75.27527528	0
75.37537538	0
75.47547548	0
75.57557558	0
75.67567568	0
75.77577578	0
75.87587588	0
75.97597598	0
76.07607608	0
76.17617618	0
76.27627628	0
76.37637638	0
76.47647648	0
76.57657658	0
76.67667668	0
76.77677678	0
76.87687688	0
76.97697698	0
77.07707708	0
77.17717718	0
77.27727728	0
77.37737738	0
77.47747748	0
77.57757758	0
77.67767768	0
77.77777778	0
77.87787788	0
77.97797798	0
78.07807808	0
78.17817818	0
78.27827828	0
78.37837838	0
78.47847848	0
78.57857858	0
78.67867868	0
78.77877878	0
78.87887888	0
78.97897898	0
79.07907908	0
79.17917918	0
79.27927928	0
79.37937938	0
79.47947948	0
79.57957958	0
79.67967968	0
79.77977978	0
79.87987988	0
79.97997998	0
80.08008008	0
80.18018018	0
80.28028028	0
80.38038038	0
80.48048048	0
80.58058058	0
80.68068068	0
80.78078078	0
80.88088088	0
80.98098098	0
81.08108108	0
81.18118118	0
81.28128128	0
81.38138138	0
81.48148148	0
81.58158158	0
81.68168168	0
81.78178178	0
81.88188188	0
81.98198198	0
82.08208208	0
82.18218218	0
82.28228228	0
82.38238238	0
82.48248248	0
82.58258258	0
82.68268268	0
82.78278278	0
82.88288288	0
82.98298298	0
83.08308308	0
83.18318318	0
83.28328328	0
83.38338338	0
83.48348348	0
83.58358358	0
83.68368368	0
83.78378378	0
83.88388388	0
83.98398398	0
84.08408408	0
84.18418418	0
84.28428428	0
84.38438438	0
84.48448448	0
84.58458458	0
84.68468468	0
84.78478478	0
84.88488488	0
84.98498498	0
85.08508509	0
85.18518519	0
85.28528529	0
85.38538539	0
85.48548549	0
85.58558559	0
85.68568569	0
85.78578579	0
85.88588589	0
85.98598599	0
86.08608609	0
86.18618619	0
86.28628629	0
86.38638639	0
86.48648649	0
86.58658659	0
86.68668669	0
86.78678679	0
86.88688689	0
86.98698699	0
87.08708709	0
87.18718719	0
87.28728729	0
87.38738739	0
87.48748749	0
87.58758759	0
87.68768769	0
87.78778779	0
87.88788789	0
87.98798799	0
88.08808809	0
88.18818819	0
88.28828829	0
88.38838839	0
88.48848849	0
88.58858859	0
88.68868869	0
88.78878879	0
88.88888889	0
88.98898899	0
89.08908909	0
89.18918919	0
89.28928929	0
89.38938939	0
89.48948949	0
89.58958959	0
89.68968969	0
89.78978979	0
89.88988989	0
89.98998999	0
90.09009009	0
90.19019019	0
90.29029029	0
90.39039039	0
90.49049049	0
90.59059059	0
90.69069069	0
90.79079079	0
90.89089089	0
90.99099099	0
91.09109109	0
91.19119119	0
91.29129129	0
91.39139139	0
91.49149149	0
91.59159159	0
91.69169169	0
91.79179179	0
91.89189189	0
91.99199199	0
92.09209209	0
92.19219219	0
92.29229229	0
92.39239239	0
92.49249249	0
92.59259259	0
92.69269269	0
92.79279279	0
92.89289289	0
92.99299299	0
93.09309309	0
93.19319319	0
93.29329329	0
93.39339339	0
93.49349349	0
93.59359359	0
93.69369369	0
93.79379379	0
93.89389389	0
93.99399399	0
94.09409409	0
94.19419419	0
94.29429429	0
94.39439439	0
94.49449449	0
94.59459459	0
94.69469469	0
94.79479479	0
94.89489489	0
94.99499499	0
95.0950951	0
95.1951952	0
95.2952953	0
95.3953954	0
95.4954955	0
95.5955956	0
95.6956957	0
95.7957958	0
95.8958959	0
95.995996	0
96.0960961	0
96.1961962	0
96.2962963	0
96.3963964	0
96.4964965	0
96.5965966	0
96.6966967	0
96.7967968	0
96.8968969	0
96.996997	0
97.0970971	0
97.1971972	0
97.2972973	0
97.3973974	0
97.4974975	0
97.5975976	0
97.6976977	0
97.7977978	0
97.8978979	0
97.997998	0
98.0980981	0
98.1981982	0
98.2982983	0
98.3983984	0
98.4984985	0
98.5985986	0
98.6986987	0
98.7987988	0
98.8988989	0
98.998999	0
99.0990991	0
99.1991992	0
99.2992993	0
99.3993994	0
99.4994995	0
99.5995996	0
99.6996997	0
99.7997998	0
99.8998999	0
100	0
